num_samples: 50000
num_classes: 20
feat_dim: 512
metric_512d: cosine
inter_class_similarity_orig: -0.049974822998046876
silhouette_score_orig: 0.9470793604850769
silhouette_score_per_class: {0: 0.9834269285202026, 1: 0.9657554626464844, 2: 0.9769490361213684, 3: 0.9702527523040771, 4: 0.9568843841552734, 5: 0.9592558741569519, 6: 0.967007040977478, 7: 0.9599123001098633, 8: 0.9423017501831055, 9: 0.9515732526779175, 10: 0.8704158067703247, 11: 0.9257447123527527, 12: 0.9181374907493591, 13: 0.9560441374778748, 14: 0.9120777249336243, 15: 0.9745000004768372, 16: 0.9240788817405701, 17: 0.9425267577171326, 18: 0.9011623859405518, 19: 0.9835802912712097}
dunn_index_orig: 2.124023924310821e-05
